5000
2060 3225
3398 4086
2417 3800
1875 686
3440 4672
1125 1833
2902 2491
2203 3661
1839 1953
483 2271
2495 4551
2990 3886
1610 2379
4767 3010
3939 1140
3246 4956
3430 3
1657 2139
1861 3282
223 3109
2812 994
4141 2420
1847 1772
41 313
4578 4834
1570 2938
3355 861
1434 570
1413 458
1665 3285
637 927
1330 2163
2212 3347
942 3320
2741 1402
2624 1770
1779 4760
749 3795
1897 3759
3505 2097
2406 2111
2370 2206
914 3312
2443 1518
2434 105
2387 1563
2843 507
469 2546
505 2231
78 150
709 3118
504 3797
4070 4013
1294 361
1842 2627
2554 163
4602 3770
2804 4363
4352 4020
2212 3155
4070 4612
559 3745
76 3995
1152 3533
1876 4506
1999 4586
4234 4775
4966 3053
4279 2677
4886 2100
931 50
897 658
3561 3213
4393 112
1452 1998
4060 67
2454 3776
1060 272
610 3818
3547 4256
682 1681
230 2842
233 4135
4051 1578
778 4729
2434 677
4129 669
1391 2720
1351 4999
2437 2226
4114 1551
3336 1812
17 4154
569 2144
2162 4910
173 2606
1278 3817
3513 1161
2229 1410
1785 760
2823 1933
1544 2871
878 687
4750 2218
4588 3845
4496 4220
1533 3564
4271 4755
4722 2102
746 4275
4424 770
1044 2213
862 3259
3050 3285
4031 3673
2845 2047
3446 4564
3468 194
374 1070
3383 4204
3451 4415
454 4180
2310 4292
1488 3111
3538 1336
4381 319
4073 4760
2973 28
2315 244
4405 23
3988 2600
238 2169
784 1708
4745 2112
993 372
141 3366
3135 4438
3175 1513
856 1598
3293 948
4731 3957
3195 3928
698 3458
2855 530
7 2150
2255 4947
3861 790
3301 309
2893 3173
2998 1710
2283 3703
1777 1717
4351 3654
4260 2801
4789 4657
3769 2988
1362 3283
161 4169
2191 3501
2647 3214
627 3087
1195 2782
4831 4216
2627 4910
4568 3031
1156 4175
3376 3017
4211 4434
3223 3890
51 3509
4614 3141
2586 4029
673 3230
90 3475
2386 4679
1582 3616
624 1207
4346 4876
3098 3408
153 1517
4100 27
566 1998
3546 1948
1696 2893
79 1912
4467 2985
2531 89
3210 347
4516 2197
1695 1103
2097 1138
4015 4550
1187 4196
3522 4164
3604 4761
886 3309
4505 1329
2672 1927
2525 4381
3783 608
4534 631
2244 660
3559 2267
4424 1406
4640 189
4067 4282
4112 2579
1589 1463
3221 40
816 2739
155 3478
4266 3113
4973 1817
879 1795
2306 996
2789 1873
142 3075
742 2612
2602 3985
4972 665
2305 4930
3667 4753
3953 3106
4180 462
2585 4493
1973 4483
2820 1507
927 4033
4402 3785
4773 3687
2895 1801
795 457
901 4411
3743 1568
1047 4340
494 4904
183 588
2819 4942
3177 1758
2062 1920
2314 470
2487 2337
3103 170
244 3885
2721 4434
46 3654
193 2856
582 809
3886 2525
895 4101
2986 134
3784 4071
4353 1282
471 255
4250 2384
3229 4739
3227 477
1349 878
2296 140
4025 1571
2512 4884
2448 2125
1840 1334
4298 2010
1102 938
2412 1322
1488 4728
3069 2562
4179 3973
3490 1580
1999 3329
2060 1065
4676 1531
3018 3203
4196 221
3498 4225
3275 4367
3297 1426
2992 4023
1112 2576
4702 2797
1036 1597
218 4221
3666 709
1798 4088
3182 2349
1996 4397
1160 4984
4636 317
4681 3975
2832 1526
4531 3978
4413 1677
3104 3174
3998 199
4485 1891
2544 4501
3825 954
3052 2678
1604 2879
561 1016
3476 4386
1652 1438
1704 1244
1764 4004
979 1292
2686 2630
3703 1774
2373 2522
4939 1936
1541 4695
2100 2420
4910 495
4480 3311
83 1818
4300 4125
2602 1013
1282 785
941 4677
4094 2225
4552 3435
558 4018
78 48
1092 903
2409 794
2058 3900
3582 2601
929 530
3571 91
211 814
1762 1134
3721 993
2732 4012
3517 3932
1251 2917
1335 3243
3023 116
4323 2940
1026 2071
3475 248
3494 2062
1538 4735
3761 1687
3706 240
1508 3468
3260 1552
1015 284
3261 3078
4014 2427
392 1702
3576 2451
1130 1372
3439 3830
1014 3692
1997 2011
3124 115
3458 1680
3757 1717
4521 1563
1209 4079
2138 4672
847 939
4964 313
108 80
2758 3142
28 67
129 2207
228 2315
4459 3008
2238 3976
690 2315
836 1695
3215 4696
4036 1186
851 3332
3889 1453
2746 0
3899 210
2810 1570
1293 449
4569 3648
3406 738
487 4828
2073 1035
1444 2057
2365 601
3274 1944
283 1576
4568 2364
3588 2848
1088 3125
2465 4688
2010 541
2730 478
2081 2885
3004 1377
187 1906
851 181
968 1990
345 3930
3089 154
2679 688
95 926
1012 2180
4413 1053
3019 3601
3965 4729
3842 1224
4233 3131
1073 869
1841 3829
2825 3118
2830 4088
1672 2354
862 4950
1066 4498
4972 4027
2863 1203
1550 4908
763 1003
1229 277
3152 3306
3405 3859
782 496
4711 3231
817 4042
518 4754
2478 3421
4803 3575
3316 2272
2623 3180
1804 206
309 4906
2296 4104
3418 2551
1443 3939
3693 3919
4237 1327
291 696
2533 3267
119 3291
679 2014
1733 1067
639 4768
2184 2887
1830 4599
3239 3432
4514 4215
3804 1185
2188 1068
294 2927
492 715
2897 3486
2143 1120
4859 2276
4878 137
2161 4953
1452 4353
1136 1031
3046 148
4294 1571
2562 2674
14 1958
619 1176
3594 2243
1022 3254
4566 1179
4695 21
4671 4741
2262 4937
4944 4436
1333 1117
3206 2673
4972 3835
264 4602
3431 4402
3249 1903
1858 1948
2306 2386
1629 108
2586 4849
2777 299
4612 4810
1943 923
1350 3131
1777 3631
2310 798
3493 4546
4433 1154
2097 4788
4495 1691
945 2658
1398 2727
4986 4880
1547 4380
141 208
4016 2780
3655 2578
1229 863
4742 843
2877 2394
4046 4826
4746 3872
4238 2991
1074 2088
984 3105
2182 3518
1109 2977
1295 455
4715 2025
3819 1984
470 3569
2623 4565
4671 2229
3687 4492
3231 3695
2461 3408
903 2519
3142 4863
3389 4067
211 1428
3213 4028
2542 1196
2049 2521
1367 3123
1247 3236
1407 1110
6 2900
394 4478
2722 2283
127 2413
598 2925
4058 612
2511 4092
2594 4436
2079 1209
4856 1154
1766 3293
3024 2109
3038 4612
1433 1174
3859 2694
3209 4963
3546 192
4619 1308
62 4899
4573 853
178 2565
2805 3189
2101 404
1460 3793
1447 2411
506 208
987 1254
3540 3408
3552 3244
3577 2586
3011 1220
4536 4382
777 540
3989 2877
2227 1994
1377 4945
1858 336
3166 1301
2803 3619
1763 2715
199 1210
315 3621
4714 4052
1007 3937
3223 59
4912 4888
1725 4032
3924 2254
3091 3039
414 2071
4368 3484
958 885
512 2064
2726 613
1014 4470
2194 308
3284 3590
1096 4314
1342 2181
4909 3656
657 3465
4584 3628
2180 969
153 2400
676 2149
730 3611
1051 4877
3848 974
1443 2674
3275 2782
3019 803
1506 203
3922 4950
4415 2269
2401 2335
2146 1279
2896 2200
161 3902
3932 3400
702 3291
1358 1144
2751 3119
3155 4440
4363 367
4636 3453
3914 4285
3180 4540
4675 3757
3100 840
3818 2542
2773 3709
4937 4330
4382 2687
324 3439
1686 4283
3748 2662
1735 2466
509 1742
3539 1306
1428 1434
4691 475
1450 2238
699 3424
4131 2540
3016 3096
1919 3384
2307 802
629 4486
4568 2217
4511 2944
501 1606
704 2024
973 4087
2633 813
199 3556
1074 1893
2053 4086
361 4065
1906 2097
1820 719
3504 3763
3991 2776
1510 705
1037 391
3125 2731
153 983
2953 1868
3363 1126
661 472
1115 1775
4395 2001
4829 4267
1712 1817
3136 1301
1288 2170
127 2635
1916 2924
4600 15
4760 4800
3040 2068
1709 4836
772 1347
1348 3559
2585 3306
748 69
2670 3384
391 1961
267 2706
127 1905
1380 2509
194 105
3953 3198
2359 1151
2511 1211
228 1188
1322 306
4295 365
4829 1940
2845 4859
2147 674
4274 4855
2863 3956
3317 517
232 1488
744 1449
752 4221
3557 1564
4355 2176
3597 3237
2082 1315
4217 1392
4598 4876
1707 3865
3483 481
3742 3666
2917 4498
181 1575
1478 3024
688 1111
4437 3176
3647 302
2468 2004
862 1666
3937 145
2365 1071
3055 992
3888 3738
2254 2298
1791 1239
2756 1998
1263 2122
3801 407
792 4084
2967 3639
3329 2210
4424 1665
2968 202
3975 4798
4449 3343
451 2671
2518 4352
3318 3390
4094 3751
1339 1939
3746 3951
4956 1574
2255 864
280 1902
3062 2813
2176 2323
1650 3363
301 1933
46 1316
3601 3815
1234 4104
666 3334
1058 4196
4005 2360
3530 487
1254 1496
289 816
894 2117
1533 2190
947 2915
1298 2346
4011 1200
1178 1467
2522 4634
1166 394
640 3491
354 377
42 130
4092 118
655 4329
4621 4979
4407 360
201 1289
2014 818
2171 4706
2784 1752
255 2733
1817 2849
2582 3741
4226 838
1492 3650
2775 3748
1738 4084
1973 74
1989 2240
3103 3565
426 3311
2446 457
967 1287
2046 4711
468 1350
4596 4956
4053 4250
508 2923
1256 4881
2118 3590
2868 664
3271 89
4610 3945
2801 3047
4834 547
4704 421
1145 2608
1003 4591
760 4012
1251 1408
1142 2658
1588 511
1574 2638
2605 2686
33 1649
3702 3813
1529 4577
4329 3986
2373 1768
2272 1138
1015 555
962 2002
2476 3589
2413 3566
3591 1190
4384 3105
988 4347
4220 4065
3105 1723
1549 2843
3850 4229
1138 2733
3250 2310
4796 3900
2829 252
3976 477
834 3903
3062 2984
2899 3870
3113 3523
4785 2724
4000 3056
3630 448
1231 4452
4227 4522
3919 2173
4240 4710
881 3014
2572 281
2367 3440
1240 469
3281 358
996 4796
4638 2890
1655 651
3457 4001
4117 842
2404 4550
1804 1492
2425 956
578 2
3968 3441
2435 918
2534 4309
1510 2887
4970 2550
2377 4818
262 3185
1094 3371
887 2044
751 2154
2731 3921
187 1267
2073 1908
2348 1208
844 2506
2042 3360
4142 3427
16 3489
2928 4982
3487 3942
1631 767
2429 2943
879 2593
4559 4165
4081 4138
830 3592
1933 1639
1656 3082
2581 3808
142 2996
4207 4981
2006 4567
2587 4900
1295 4651
3259 2755
3084 4539
301 383
4563 3455
2324 2324
719 278
1084 3812
3998 159
4726 4667
2755 4337
2344 747
3531 4169
4841 4337
5 4545
1462 819
1218 401
443 2607
1945 158
1872 505
400 847
2054 4330
1877 3016
2760 4288
1629 2675
3771 4210
3272 822
3531 2395
2050 4744
113 2760
61 1639
2947 3288
979 1384
1938 964
3596 2436
3049 4516
3531 2939
1146 4894
577 3687
2795 2151
1699 3774
3604 3590
3527 194
3779 44
3276 2508
2057 1989
1481 539
1860 561
2456 1556
4336 2219
4414 3651
816 2678
2060 1223
3863 4313
2090 695
4047 1970
2081 3302
4003 2624
1403 1502
253 1696
2930 474
4179 38
4984 1684
3851 4807
2256 2046
677 879
378 3240
3266 1840
2297 4039
2710 4708
4399 2884
4426 880
4683 1091
302 490
1797 2994
3001 2853
3635 2597
4136 2627
612 2698
1555 3002
1880 1191
1044 3356
3809 1913
1631 1046
4255 1729
1776 2394
2983 4476
4418 2461
2448 4682
3334 3072
3186 3407
209 642
2104 4296
2587 2033
4230 4290
347 829
538 631
3219 2474
4250 510
4516 2686
3852 3659
4663 3992
1634 415
1769 1587
825 2088
715 3926
4129 4912
1841 1588
4054 491
2872 3241
3555 649
746 4253
1008 4422
908 2725
1285 1547
2899 4590
453 4916
4457 614
1240 584
777 4143
109 2058
1914 930
1677 3567
3714 777
27 2249
3518 2727
4403 412
705 791
692 3904
48 796
4279 1533
1412 4419
4062 3879
3585 2984
1193 495
4539 4472
2284 1467
2884 1086
1522 2854
3862 1196
1475 4523
4426 4543
4583 3315
382 2340
3998 559
2316 1568
3354 3207
4951 4047
2639 292
4595 4336
2654 2456
4407 1341
3920 1681
3751 4962
3985 2620
3373 2203
4273 4428
4831 2118
4156 303
596 408
2725 2768
209 617
2121 3770
595 2147
1258 3926
3484 2032
2132 3163
3271 4178
2474 537
1440 949
3236 1795
1611 1211
791 3202
829 2128
2815 4253
4102 2717
2409 1553
2234 3058
3079 3356
716 2543
294 664
4837 1034
3431 3980
1793 3774
3249 3009
3083 2186
1243 356
3286 4240
4775 4677
4576 943
4860 3029
3060 255
2976 70
748 4138
314 4291
3511 4299
4810 1459
1355 2496
2391 3558
2521 3283
1753 1923
1233 2079
4250 2224
2077 4212
1577 2537
4555 4829
2491 3018
4463 137
191 4735
2376 416
3076 3038
4857 4207
4609 2326
4001 1692
1668 3132
4156 1970
4574 2953
2790 3683
305 441
550 422
170 3878
1422 4920
4594 4587
730 3923
3582 677
1030 1346
400 2244
4957 2909
2560 960
1519 2755
2368 1740
3166 4245
2319 4388
3863 4487
2786 1014
3458 4602
484 4030
4562 3794
523 369
4676 2726
4179 1673
3157 1800
2392 3756
1948 3994
434 14
3317 979
117 2615
2050 4261
1244 2832
1609 2212
1990 4000
4347 4471
2660 1540
131 296
3060 97
4262 3176
797 3985
1673 1
4011 499
2090 1058
738 3096
3056 1529
717 3601
2176 4663
4499 4698
2655 3193
1711 2121
1825 3097
2103 1418
282 388
3649 2928
893 4103
119 2438
2464 407
3593 2279
3627 2752
1263 4742
2447 3104
1572 2530
1827 3887
1182 3199
4734 4294
3631 2928
4498 1195
691 3428
4699 357
4240 3487
891 2451
1346 3216
4459 3980
808 3625
1820 2676
1633 1335
3534 2083
2557 4766
1613 449
4291 408
346 1047
677 2010
3322 1238
2645 3685
3998 826
4883 901
4324 4603
4149 3039
4775 1340
339 4658
4798 2368
2472 2062
1800 651
4159 3469
1759 4944
169 4321
3264 2361
2066 4372
965 4802
2465 854
361 4576
35 4212
3226 132
1544 1563
493 1037
4837 2576
2338 3830
1654 3472
4783 613
1196 1185
2629 4607
2768 4028
4168 2026
1882 4478
1234 3751
1404 1645
4254 4280
280 1604
2346 3990
1572 2847
4157 652
4454 2398
3130 395
4696 563
3036 3317
533 1815
3978 4760
2869 1506
1751 375
194 4167
4358 2266
231 2506
103 3850
3107 1730
3007 2136
2433 3718
3658 3595
746 1984
1138 2868
1077 2746
376 41
709 3585
4164 1272
4967 2198
2160 3401
3578 731
1504 3863
2021 3238
814 3046
1036 2144
1062 1546
4756 831
88 140
904 3999
1593 2081
4493 2827
1638 4585
821 518
1467 2756
1198 2901
2590 2913
494 2315
2410 4885
2051 317
175 2155
2165 1888
2882 2511
3794 2973
467 3849
4469 1443
2884 4005
1678 3581
1813 3725
1801 3078
3882 1898
2282 157
2720 2885
524 3155
1901 3433
1573 177
2123 262
1797 4398
3952 2765
1912 956
357 4526
936 1089
266 561
1025 1930
3235 1455
909 447
4115 4623
510 4622
2703 1125
3262 1960
3014 4272
1337 4169
4551 4519
1734 994
2596 2203
3472 251
1940 1668
3845 2345
1623 3475
4401 1714
4260 1318
2883 74
19 2389
4628 176
2123 945
2565 838
4241 2529
237 449
2497 3979
1884 889
3806 3320
4027 2247
3925 144
1801 589
1239 2602
4032 1108
3099 576
2282 1755
141 2961
4534 2035
3459 2960
2558 303
1689 3937
4563 4174
3753 1700
2503 3854
3481 4475
2280 422
1920 2179
1341 3419
1895 3987
1275 1584
4463 3796
692 1410
3199 4383
3222 2907
3497 1020
4006 2891
1043 3052
3334 322
3101 1196
4847 2587
3626 1064
544 2372
4792 3634
4098 3317
223 3426
2549 625
4830 4786
2973 95
4821 3414
2388 3055
3842 3321
2985 3373
775 3840
3388 3493
2296 3678
3746 3097
2410 836
4039 3035
2855 1342
4302 4503
4515 1929
1646 2066
1883 245
832 2528
2737 1891
197 2137
1906 1027
2269 169
2874 1843
1057 4363
4800 2894
2528 4519
4772 4903
2942 93
211 3039
2683 1388
4333 1140
426 733
3737 2198
992 3768
1985 2573
4947 2277
3501 65
1877 2799
3259 2917
799 537
3840 3077
2787 2676
326 4689
4146 3205
2399 689
324 81
3477 1810
1478 1974
4773 1904
3172 4877
4810 4682
982 826
3284 4732
3726 1566
2513 1783
2926 995
981 288
4912 4798
1684 96
3075 1405
1685 4251
443 3490
3592 2745
4350 3864
3781 1042
1084 4738
2057 693
2901 4169
566 2359
90 2234
264 3745
4916 4486
2824 2274
2443 1878
2681 1707
110 1855
4341 4017
1083 2449
1460 464
3350 1240
2005 425
4132 299
4607 1689
2752 1052
4401 4131
2191 1884
212 1059
3412 1962
1588 397
3844 3674
3194 1202
3123 225
3417 2486
3210 1262
3670 1459
4720 4578
429 3768
3945 2340
3088 3001
2765 4162
4461 855
4168 4963
3918 1225
4148 1506
1304 3232
4928 3589
219 3904
2610 2829
3717 4691
2103 1301
2745 3858
4700 1018
445 1007
528 1774
3601 3672
1277 37
806 327
3726 1734
1604 4217
1199 555
1782 1993
1085 2794
3547 3392
720 379
2598 826
2058 3409
27 1868
4755 4002
4693 1754
2735 1112
3142 1205
4600 141
39 1926
1653 2487
655 3048
4235 4347
119 3501
917 4262
4720 2436
2133 340
313 2909
2122 265
116 3617
2939 2659
186 391
3940 1399
2385 135
1596 1629
2280 1447
3533 4574
4500 212
113 3452
385 1198
1016 4618
4010 4697
2012 3264
3325 4148
1989 4016
932 88
4407 2486
1285 147
1729 1228
4085 2788
3390 399
597 3289
3964 4915
93 2171
3734 3389
2174 3889
3182 3650
1176 3018
4688 357
4496 3351
1808 4720
1858 2335
621 27
1975 4620
905 1014
1677 2341
4101 2747
227 4902
2625 2485
1559 4367
3455 3526
2259 1762
324 4258
3216 2883
2578 3153
4505 1719
2235 1116
3252 4580
935 2518
1962 2287
4492 1168
95 854
3057 4586
2151 4453
1092 4087
2605 1134
1705 2820
2420 603
3968 3112
986 317
2628 531
4939 4409
3809 143
320 246
4194 3017
95 3136
1474 641
486 2337
497 532
4188 2161
1663 3423
1806 2211
3362 1337
844 3864
2882 3938
3356 4196
1815 4548
3950 3376
657 330
4461 3968
955 1463
1517 1574
2635 908
4569 783
882 1633
1962 4906
2711 3015
4502 2083
4606 1017
456 4834
2920 4271
3385 480
143 3211
4067 1673
1778 1556
3986 2373
1286 4832
2097 1564
1029 2501
4319 1325
2763 3769
4328 3441
4665 2079
152 3982
245 3670
2326 137
4398 1677
3611 1338
1523 1425
583 1
2391 2047
2952 1282
3619 2973
3694 4995
930 4720
3296 3017
4146 3873
4335 4363
4195 3950
2806 4035
2387 2509
3421 2492
1270 3225
3107 723
315 3486
1635 4057
2823 2182
2495 1680
596 674
240 1759
4441 322
159 570
3085 4705
3207 1580
2902 2954
2256 4633
3163 2453
1563 3645
682 4281
3947 1529
367 2235
4608 384
2173 1967
2768 835
867 830
822 4091
4302 2914
683 2371
490 3186
674 4767
3422 3371
1910 1315
4874 2270
4150 3970
1898 3163
3681 814
2786 2241
2425 2126
1961 4447
3722 1888
2082 2806
1887 2446
920 2994
3979 1811
2920 2425
1244 3835
2141 1936
2129 1043
1667 1110
1385 2799
4630 1437
3373 832
3030 1208
3073 299
4505 4269
2794 527
826 4578
234 342
661 1513
1915 4674
2369 3031
885 4078
1916 852
1485 1073
4722 4326
3761 2118
447 1902
2059 9
3529 2532
4579 830
3308 1798
371 3853
4591 2184
3301 4221
4887 484
3313 4888
3499 798
4014 4182
3219 4137
1273 677
156 628
1142 908
2356 950
1538 4631
51 4425
2277 1977
4544 1353
2545 1091
983 1683
863 962
2516 4350
927 3577
4194 2721
3772 2293
854 4877
4384 2177
4806 3219
4764 1729
3771 1394
259 1169
322 3342
4160 1213
4887 4131
615 2223
587 2846
4911 1212
2259 1865
4332 36
601 2257
559 1629
3688 4915
2420 2806
4382 2837
893 164
1436 1928
2224 1781
3523 2402
4378 4401
3597 4919
4093 12
4629 1604
3887 568
2173 1532
3342 877
647 1289
842 4348
3834 2082
3676 2277
1987 1543
1325 2698
4826 4271
1574 3948
2224 1821
4577 501
4358 3463
225 3211
1704 919
2631 770
4042 2572
1168 2165
859 2501
4763 1375
4826 2187
2101 4754
3014 240
1707 303
4443 405
4887 3105
1262 82
4537 1659
404 2491
1474 3300
4947 1932
2078 1791
1715 4645
4751 1100
2306 646
2486 4285
2343 4760
4215 1827
1366 1971
3814 3496
3958 2631
2329 2541
873 1336
4250 2899
1543 1767
1433 4691
4417 1317
4150 4743
1864 1679
302 4265
791 4402
2121 1869
2821 4234
2202 428
1218 2970
3085 2652
350 4138
4954 829
1121 3630
614 1114
4838 68
2839 745
2168 819
1556 3067
915 1469
2098 1237
2782 3150
4264 152
4354 126
193 2923
341 3781
4594 2509
2673 2403
2789 1444
3948 1016
351 1940
4807 716
2045 4305
4960 4428
4144 3288
116 3964
4574 2248
3430 3267
770 3541
2750 3919
461 128
1618 1183
3789 3209
1741 1235
1137 4337
3654 2409
470 4435
2702 1786
4936 779
1877 3815
4268 3947
4572 3691
436 1551
2200 2872
452 3261
3392 1529
4575 1830
2764 754
1713 2920
4999 4907
1889 4110
3009 4029
1087 2883
4411 3940
731 4254
4195 1516
3453 287
3709 1753
918 2066
2709 881
3506 1315
3432 4687
2282 1011
4353 1551
4905 3194
2664 3876
3589 1895
785 4525
21 1857
476 426
2921 3409
2644 1572
4254 181
561 184
4114 802
2580 510
3004 4771
268 4585
1509 90
525 4639
23 2995
1112 4011
942 21
1865 2949
911 728
2215 548
156 4666
4200 3209
1868 3073
3482 786
934 3522
359 969
3297 1736
202 1191
2963 804
4296 3442
371 4634
4551 1058
298 4068
281 54
657 843
372 2632
4172 1762
2212 1501
4630 4374
3250 4209
3594 1760
1708 2474
621 4958
1800 1087
3996 3196
1218 4098
3131 3031
3266 1979
2040 1910
4948 600
1839 202
2796 3538
507 2356
4418 1752
1401 3330
2668 3057
3094 1334
4594 3988
4792 1771
2862 2725
4138 1890
1132 3690
2272 3744
3716 329
3044 3266
3036 1510
775 3672
1140 1136
1882 4322
3388 498
3910 514
2143 4068
3155 3999
774 1791
2031 3451
1354 4096
1903 1081
3162 1352
3845 2312
4558 2532
4817 408
3449 523
1529 2706
2620 1123
2026 3163
4249 4754
639 2315
4348 215
1910 1521
4941 1666
278 1922
1521 1365
1191 2964
212 1618
511 4912
389 3483
4350 1188
3700 2305
3094 2449
3342 195
2723 2779
403 4623
802 3680
1042 4394
666 2129
4129 4396
4703 4260
4898 69
236 3785
4293 2133
2484 3933
4701 3905
1285 4801
571 1872
2170 693
869 1657
2219 4736
1796 1823
566 3356
1395 3181
1657 3864
2879 4102
3437 4580
2186 3916
3877 2804
258 4553
4386 4847
3765 964
1111 4077
4867 4217
2123 3429
202 3626
3924 1751
3363 1712
1855 357
1297 610
4807 4112
4569 4661
1140 4085
2449 2671
4654 3774
3758 1257
2340 2249
978 978
4766 92
3679 867
4851 1729
3348 3530
1333 1744
119 573
2 3469
4002 3644
4457 2654
2922 309
1786 4635
2573 3882
1920 1965
1039 3247
1690 3706
2094 701
3152 2905
4790 3881
4074 3412
2056 4124
3479 3001
2741 3450
2586 1417
4412 3692
3628 1968
3656 241
4147 3331
1868 257
3629 3854
2650 4294
648 761
1698 4639
2459 4882
2886 4639
4876 410
3110 1668
3498 2573
1388 1449
4778 3814
1170 3852
1449 2800
1956 757
3141 2822
2158 1321
1863 4720
2763 1165
3780 1038
2604 1994
3610 3126
4710 4919
1057 2406
1318 2442
3248 958
3505 2300
2015 1953
3270 2682
1009 4137
3749 1075
2226 1360
284 2541
4095 4157
3615 4488
258 2522
2221 2630
2389 3356
4180 4396
1507 4520
2620 3445
1017 1125
4037 1516
2742 2827
4675 980
1348 353
4541 3519
3967 1246
724 372
1708 4631
2650 1217
2059 3094
4866 2668
2371 4210
4287 2738
1403 4960
3230 1031
3731 4032
429 39
2581 1530
3019 2443
4486 519
183 2291
1955 74
265 3387
1627 560
2120 96
1953 4173
3297 3104
4671 3839
4493 521
4100 2972
1610 2246
1455 4444
4861 864
1370 2240
728 2464
2064 2205
386 523
4097 50
2412 237
2393 4057
1298 2677
1145 1009
871 442
2135 4959
2194 4370
4390 3627
3533 3845
3473 366
2248 2490
3584 120
24 1388
3319 3130
745 2141
1635 2505
3891 905
487 3105
3724 1993
1549 2953
3841 1879
1314 3289
2004 4234
2501 1067
938 354
2436 71
1217 1535
2272 2882
2861 1380
2442 2730
1476 1353
2495 330
510 2615
4319 3775
4456 3198
1763 1833
909 711
2633 2366
1027 4656
4683 4680
3857 668
2902 2207
4660 4397
1681 1410
4489 1734
456 4235
1696 4265
1709 2944
1877 2259
1438 1971
4582 2290
2569 727
663 585
4644 1328
1593 2662
1810 1330
2218 4389
2290 2875
3180 4202
530 1146
3489 1545
3650 4540
550 2887
254 1579
2080 457
186 617
4977 4609
1144 789
4571 4025
4686 3023
2358 4261
4725 2856
3640 4777
2790 1615
3061 4026
4892 4312
2323 1698
4158 721
3833 1978
4010 2201
3390 2645
3399 4394
3579 3211
795 3835
2070 3621
3719 4363
2805 722
897 1888
352 3862
4360 128
4040 0
4839 2438
2684 1052
88 2449
3306 1520
2318 4077
3339 2271
1356 635
2994 4889
4376 2063
4356 2884
3625 2597
4435 4726
1937 1115
2621 4119
3541 2529
1429 1550
3092 979
4162 19
2621 4741
4185 892
3848 3623
1663 2282
1233 168
2553 4945
4614 1252
956 2322
4637 68
3073 4911
2778 4845
1862 3545
288 4475
683 7
1806 2503
174 1648
3693 3319
2926 4746
1812 2556
3778 3694
1036 708
1326 4818
1834 3418
1297 4409
3355 3586
1709 4159
445 3910
1938 3894
294 1178
968 3742
1850 1078
1029 3518
3277 74
753 1690
2090 4318
3986 4338
317 3471
1549 2025
1578 398
1855 1265
3933 2777
1957 3051
4891 4651
3734 3904
4177 2127
583 1974
733 700
1730 4889
2229 343
2647 4712
158 4787
2474 4676
2843 102
4585 1138
1470 4349
4198 2932
4669 731
2843 803
4147 2827
2603 4746
3449 1125
1697 4293
486 466
4507 4199
4165 3270
4928 938
2994 2209
3972 1863
3912 3943
2059 1432
1338 4135
672 511
1161 4943
871 562
3914 3089
1843 1340
4040 949
4223 3458
3766 4051
2775 3363
2970 518
4889 2345
1059 4678
97 1244
4935 1112
4064 220
885 4531
4084 4380
5 2989
2680 3694
104 980
4813 4175
4841 4954
1116 1240
4163 665
2156 3800
4686 1872
977 931
2379 248
2215 730
4564 1652
3901 1645
4714 2767
1187 1725
1735 521
3099 4672
72 1926
2493 2089
4903 1041
3517 111
2298 1515
4141 1702
2717 2666
1127 812
2116 3633
1297 2878
3249 3255
145 2257
209 481
152 4304
2966 3399
4746 1569
4707 1036
4092 123
451 4796
2768 1171
2538 1324
248 4936
4342 3622
391 3873
1954 4182
4846 3108
2412 1303
2609 886
4658 2766
3934 2822
1779 4090
1008 2495
4162 4397
3456 2176
826 3544
4598 1128
1356 3915
30 2660
809 970
2002 3566
4815 1276
206 1865
3412 1796
3992 1459
1826 3934
2814 4984
3567 4658
4244 239
4360 325
1729 1696
3487 4026
2276 4926
3233 289
3332 4967
195 3177
3692 4079
329 235
4889 4916
4048 376
1711 3087
3495 4986
2008 754
633 4549
741 185
3898 1252
4786 4941
838 3526
2020 2994
2379 2541
2193 1036
400 207
4291 162
3556 3988
2089 2217
3524 585
540 1354
592 1170
3934 1535
4208 4591
4505 3909
299 3729
1032 1107
4981 4980
4572 380
1712 4018
3068 4002
596 1557
932 820
2030 4866
3124 2128
1579 865
4096 3976
2188 1467
3268 2755
4340 1274
2100 4548
2569 2327
1051 206
3936 3995
2205 3421
0 10
887 3955
1682 3796
3008 1115
4355 908
1603 599
1599 485
64 3192
691 1952
2684 3911
3890 1732
1286 2032
988 2033
3509 1257
3014 1727
3626 1646
2493 4023
3904 815
2074 1489
1396 3372
707 4515
3299 4363
2544 885
2368 1409
467 1481
1145 3814
3713 31
1794 123
4378 103
384 3018
4501 4972
2420 3612
1826 1167
2574 600
179 2737
4065 602
1910 2493
843 1503
4012 3104
720 4393
3532 1051
2975 1842
754 4345
972 4193
3017 1227
2071 1063
3091 306
849 3002
3966 1088
4421 2810
1247 4273
3842 1904
1585 3015
1327 2440
2318 2030
2263 4675
2091 1042
4596 985
2108 2892
4845 806
4397 4781
4531 4490
2966 1881
732 3426
4368 183
1226 341
4094 3674
414 2861
848 2241
4447 4176
2018 1288
99 1629
4192 1427
2681 2819
1802 3748
1389 62
673 1323
1512 3918
1126 3267
4649 2625
4789 314
1921 1776
4072 4163
1271 2340
468 2010
759 168
4748 298
200 3489
725 1590
471 3678
3153 4876
3908 2259
1238 3266
2802 86
4113 4756
1870 3551
3525 606
1944 3365
2891 2292
4849 1036
4934 4815
2225 2413
777 634
1705 4430
884 2555
4016 2413
1306 3
1795 3843
4293 4167
1982 1874
3916 1279
3612 1961
2838 3980
4160 631
3501 926
1804 2119
2404 3894
3662 4534
1298 3381
1213 2739
3829 3375
1630 2262
3460 886
3628 1914
1851 1975
456 4917
1008 2583
3869 821
682 3705
4631 4123
4199 2239
2511 3545
1400 1253
4934 1260
3212 1401
2830 1136
2819 3061
2483 1950
4371 1082
4379 1023
3026 716
140 4773
2378 733
1713 3997
4777 547
3373 3951
3106 1821
501 4367
2490 4943
4323 2751
3188 2699
4622 4569
3934 538
457 3901
3878 1271
678 4086
3856 3599
3234 1207
1621 4244
36 1061
1479 2983
4903 3721
2962 4359
4345 4031
630 1785
603 3857
1163 366
4068 4684
1087 4321
2492 3030
1495 877
4986 137
290 3796
2275 4486
1966 2017
454 3262
2109 35
4171 17
886 4412
2503 2891
1607 48
4446 503
1946 4083
266 4239
4742 2127
1185 4193
4961 3505
2015 3407
89 783
2856 4745
2343 1551
2432 4014
3914 2408
2502 2199
709 4752
1886 3315
3427 1881
2946 4468
3533 4426
4746 748
2106 1770
3880 4222
4103 3498
3613 4045
2761 1995
3874 3146
1745 3237
4561 198
4638 486
3742 1218
482 1139
4020 2680
779 725
4692 860
491 105
1459 3140
3574 4601
4891 4221
2751 3066
2384 1565
4101 3032
2079 1636
485 137
2437 3893
437 1367
669 4948
4034 1471
1702 1522
4617 934
3162 2326
949 4053
1484 835
96 1541
1757 616
4419 1412
4376 4945
149 4845
535 3755
306 2269
3593 1893
4186 392
1280 2391
3806 997
2140 2508
4823 1152
4662 3621
3516 1558
399 2410
2283 4081
2394 659
571 2861
698 1077
181 3426
1705 4751
3909 3242
2309 355
2067 1326
299 165
4515 858
1187 247
3636 1574
3638 1524
3480 2796
2513 1617
807 3513
565 1337
228 3309
1383 396
4907 2810
1899 4054
408 2622
3611 1247
1437 2480
1259 1079
2632 3287
4351 313
4848 3059
4623 2128
4757 3220
4343 3603
4527 1510
4211 292
3921 1431
1334 3185
283 82
898 3564
4943 4217
3043 1169
2492 3397
858 2348
4822 4727
1367 3745
4387 458
4335 758
2832 4208
8 2322
4549 356
2739 4863
3041 1191
2291 3057
3389 4003
3990 1541
3309 76
3783 4792
1450 3583
337 3519
4413 3387
947 1419
405 3332
856 426
4555 788
3601 2128
2798 1004
51 2948
4049 1817
2770 3594
3893 3558
4574 3049
1270 418
2092 151
2829 2677
1048 3398
443 4959
4676 4139
4720 3804
2431 1411
4610 1221
4656 2448
1000 2723
3498 2344
669 1589
2364 281
815 3774
979 4723
3325 552
494 3574
4933 511
2959 3140
3815 3769
1139 2683
910 3532
3177 2444
1661 4415
1397 2513
3516 1712
3562 1749
973 2347
4402 4831
2944 1915
4066 1726
64 797
1001 2054
3728 4753
3107 1881
3423 1770
1306 4536
3993 2976
1000 4169
3893 4989
3781 238
427 1840
4273 1068
190 2255
2311 3267
1275 4725
4659 3289
2523 4015
1377 4211
115 4040
2073 4708
1631 4623
3986 4494
2896 1890
2429 309
757 4682
1086 3058
2270 3666
43 1491
1579 2373
747 2939
4522 2221
2281 1669
749 4590
3086 3296
2495 2672
4440 4869
4478 1942
2876 998
1402 4470
68 3578
3216 4108
1112 1568
2738 2191
1619 596
1612 3658
3846 544
1388 4288
4552 3252
1352 486
2779 2494
1410 2844
1434 2283
4744 303
1556 541
3447 4136
1948 406
2085 1285
1646 346
1530 28
3051 4118
2641 3426
2579 4251
1640 1477
1635 1826
405 1254
1895 1526
3742 4656
467 1847
4115 791
945 1888
4370 567
973 3084
3055 4264
95 3809
3516 2514
115 436
3016 3962
4327 2771
1946 2800
3254 4403
1706 2909
3199 3976
1635 3959
838 2626
485 2801
3694 3800
3588 4801
2357 794
2025 701
828 4276
1639 3912
3854 1817
3067 1039
2562 4233
4384 2843
570 2044
4139 1239
3721 4688
4073 1247
1931 3430
4486 924
4897 4051
3178 4666
3928 1291
2298 1605
269 2706
96 1941
1488 4691
1896 4256
44 2107
3430 4643
1603 2223
3752 1448
2609 2979
3497 716
2420 119
3580 2382
763 2615
650 436
8 3112
3734 1649
3486 2084
156 159
2119 1835
388 3077
929 4778
4260 811
1606 243
123 717
2978 3123
1793 3171
3633 11
4934 2990
4859 3720
3961 2674
4109 2843
3856 545
134 3769
2112 3617
2859 1444
4368 4254
2075 4509
1775 244
1934 1606
4181 619
782 2271
3642 3241
15 1657
4250 572
2072 395
4806 4278
1963 1837
4343 1329
4933 1829
4361 1057
4089 1785
4236 4488
1520 2908
1573 514
1907 2331
1418 1999
4214 2899
2570 4245
3974 4225
3704 3259
4888 4301
2922 3404
722 4519
2853 3434
781 1601
1342 4400
4641 2517
452 1743
4901 1479
4381 2819
4711 962
2422 939
3751 4784
1176 2129
2339 2478
2861 3783
3904 2188
3029 4910
1511 2711
2543 95
1627 682
4236 3853
302 2814
2140 2354
742 3568
4795 2174
3749 953
1173 3329
3618 3714
1942 1513
3175 2627
3196 368
2660 4830
4715 1102
889 576
2492 3851
4021 859
3064 1591
260 4830
4146 4345
344 4841
4175 35
575 1733
713 4576
3707 886
4651 224
336 4221
384 1065
744 4663
4138 4633
2310 844
4533 1898
853 2610
4006 1579
1898 3608
4870 1116
3166 178
2490 850
163 2257
3620 687
3837 1423
3332 1624
4817 3845
61 2063
2486 572
2518 2508
4746 3819
2983 2569
2024 4898
3578 4132
3717 3635
4116 200
1751 1643
3428 761
943 3189
4482 4200
2546 4428
2102 3486
750 4222
326 358
2059 3152
2972 532
2220 506
2969 4019
4608 3385
928 4612
467 4929
4772 3806
250 1306
4180 4488
4463 2801
2988 4767
925 959
3715 1751
1501 1498
3970 647
3902 1458
4211 1030
1154 1167
2836 4516
2735 3610
55 4152
2853 4551
4248 1364
973 952
634 2032
636 2336
2955 4434
2335 4320
3992 3218
2602 2107
227 3292
909 3212
1187 4579
2938 2729
3170 206
1205 2913
2057 4696
4649 2969
647 1178
3714 4527
3755 204
1323 1083
215 2653
3250 1265
1905 1956
4848 3845
122 3654
1254 4366
4417 3729
3075 1818
1853 2765
752 3779
3816 1214
736 245
3203 3917
2885 2039
3852 3775
3354 2743
1974 2363
1552 4447
4345 1615
2636 1968
3233 1854
1633 692
3536 3466
4161 111
3302 4941
3294 1994
2060 2935
730 394
1462 2404
4327 3073
2024 2623
4536 2899
4242 1750
2456 4354
4885 221
4510 2107
1013 3328
349 3241
995 1178
1915 4576
1882 3960
2696 3842
2859 2527
4428 821
581 2220
4318 3402
880 572
377 3828
3659 849
722 693
2705 4938
4924 100
3518 2704
1083 4442
1950 3265
2077 2840
3098 4250
3533 1783
1036 751
941 1739
733 398
3844 832
3427 2310
1869 4368
3171 318
3170 2478
2024 4432
687 2120
117 958
4249 921
1920 2469
1055 4622
1797 6
811 4624
1629 1880
193 1741
4836 670
4261 60
242 3369
3223 3443
4641 874
1216 3317
1035 1134
705 1659
3206 3169
2076 4211
4133 2754
3257 2005
4509 184
3336 3192
491 4053
148 3520
2919 4792
2651 2802
4071 4591
987 110
2983 661
1513 3582
4878 3422
4526 3051
2317 3646
2423 2899
4037 2807
1941 436
1793 4762
2720 3531
2120 4672
2700 1482
484 3519
4010 4639
3353 2045
1417 4294
3368 15
4478 4297
260 756
163 2457
1267 1454
4116 4941
409 854
4344 3360
284 2406
3697 1455
3547 706
3711 3855
3980 2826
4769 4439
4780 2261
4524 1662
2107 4288
2105 3398
766 3111
4679 1334
1306 2453
4015 270
1456 654
3517 3483
2497 1812
726 1160
4352 1801
4092 1571
2427 2468
2520 1450
1249 870
2628 4821
2540 3941
4904 1951
2149 1340
3938 1763
4773 2525
1897 2999
1886 2612
4646 3804
1925 1947
4035 3962
2540 4430
146 2708
2728 1460
3367 2316
1508 1520
4138 53
2686 4205
3667 3831
1573 2193
1847 3563
2080 4499
1198 2179
1543 3351
3694 4316
973 2338
4258 1634
706 1003
3872 2062
3266 663
3450 744
3510 2777
876 1676
932 281
3788 2673
1649 4029
4596 4161
3613 1038
372 4663
2126 3659
4958 1617
3835 1310
4658 4175
3843 4875
3048 1155
1113 2912
2678 4271
2066 3089
3972 3690
2900 4058
4643 377
791 2896
4517 2807
1340 2121
2227 1561
3700 2894
4378 3152
139 4024
3580 4069
2004 469
4389 2427
2950 2901
3711 3764
4095 3992
613 375
7 2162
1764 645
1019 320
3467 4897
1037 3470
4640 1550
2292 3892
2923 3116
3016 349
1104 2783
589 4825
2285 1850
1916 4054
3613 3995
3790 2777
752 4835
672 363
3132 2259
3852 1013
2413 2858
4153 4813
727 1387
1612 1404
4685 4655
1527 2709
307 2212
2525 972
318 2794
1863 2846
4381 4670
2818 2199
2841 1971
526 961
4834 4350
1325 30
1598 1368
4252 2074
301 2508
1425 944
4706 2822
3364 2263
3247 2803
4305 115
824 2604
2185 2679
909 2535
2729 2693
306 3116
4985 4697
4904 2428
4571 4294
2143 4025
3690 4325
1768 141
232 4246
935 2232
764 3516
2559 1318
92 934
3045 3970
1105 2012
3726 1804
2667 2117
4193 2972
4931 3068
4942 928
859 4298
2571 1907
4610 876
3879 772
1306 1442
1063 3107
4857 1157
428 2817
4565 2520
1938 2529
1491 4112
2234 838
4745 295
319 3402
3674 2434
4550 3914
2998 4959
2389 3063
489 4341
2888 3520
305 3045
2732 1445
3487 3410
2350 4945
1258 3750
2482 331
3151 2416
4084 2282
2121 4144
3008 1665
1889 4666
1705 4197
3338 202
4402 614
214 2115
3493 4077
2153 2648
1342 4606
2062 2954
4778 1124
2209 630
711 4869
4537 4194
389 2354
280 4061
3753 1153
4560 1146
781 4150
3480 4113
1714 4100
734 2502
4816 4480
3163 1497
640 3454
328 4815
907 9
1520 447
1071 1750
1092 3288
1620 2469
4256 4391
3413 506
1686 3817
2885 3156
3440 4970
1591 1869
1528 3346
1951 2123
4165 4270
1989 1283
3038 1702
897 106
1395 4894
3847 4007
3551 117
4360 3923
742 2314
1716 1575
1204 1057
3471 1858
3270 3735
3883 1314
3349 4383
4187 2920
2054 988
3235 3300
112 4663
4374 4759
3155 4147
2783 3516
4339 731
2752 2123
4373 2562
2597 1330
3948 3691
4231 4349
2614 2619
1136 4218
3104 1147
3701 605
485 479
3959 233
4837 3007
4567 1148
1812 2844
3084 1189
1859 1255
2228 2751
1717 2117
3619 2092
2426 4358
2541 705
2300 3297
720 2485
2391 1081
2884 1857
982 25
4335 1059
4226 3757
1827 3948
4128 868
1692 1087
3748 1136
2492 179
4108 2493
2483 2481
1622 1969
4095 1705
1805 184
2776 1380
2503 4314
2907 3403
3392 316
589 4865
3033 1755
1294 4417
3262 1071
3906 3608
4602 157
1229 323
649 554
2416 2683
3047 2486
2507 3336
2749 3848
4309 4838
570 3769
3881 893
4505 1215
1312 3323
107 900
3648 1157
2944 2327
571 380
37 2776
157 4120
3806 4979
172 4106
2461 2679
2942 2267
4769 159
2467 140
2738 4437
4168 4432
2896 662
4327 1421
3960 1690
3805 2791
2834 4788
3468 1012
1202 1864
3912 3843
3997 2251
890 827
1056 566
650 1584
2115 278
2021 1662
1407 1820
4721 3870
295 1774
1957 518
2438 601
278 954
842 4535
4372 1667
1296 2120
1007 1717
781 3905
4571 1307
4571 491
4711 4644
3231 4046
2302 2460
1738 3051
4724 753
3130 3367
3888 2182
1885 1945
2789 2658
3476 4838
2450 2707
1652 4399
2857 4582
150 3691
140 738
2829 2557
48 344
910 4450
4508 627
1406 1420
2813 4804
475 4349
1496 1065
421 2894
4230 3970
3860 3500
2899 3221
1630 1095
879 2914
4889 1042
2621 1667
1774 430
2364 304
2587 682
4380 3170
2308 872
2807 871
2752 4977
3224 3719
3966 4219
4772 2023
1151 1851
1257 4472
3581 497
2172 3625
4410 1197
4535 4332
2501 4296
3994 3552
813 1484
808 4831
3875 2024
3384 1056
2569 1242
3342 1455
1838 4065
1299 1424
1545 3792
4096 323
1539 4476
3978 536
256 3380
345 3490
1941 852
1528 2922
717 4197
3227 3950
2571 686
3747 3499
3377 1225
1102 3796
3413 849
3444 3667
294 317
270 2917
2512 3329
4980 3435
3053 603
1555 3615
1238 2359
311 1457
566 2256
1229 1286
3059 3320
1640 836
4624 4506
2110 3136
2474 570
3024 2481
3164 3972
1001 4809
2476 3899
3727 4769
4970 437
3878 4804
192 3333
2 830
4835 4953
1788 2115
311 4740
1638 2583
1170 2714
1984 2560
964 3471
1369 4049
822 1063
795 3916
4786 3525
831 3818
3806 1141
4447 2922
2994 3063
1276 3557
1916 3420
700 4303
1587 1975
790 285
3711 3027
3453 4450
4021 2920
643 2693
2299 4986
241 597
2817 987
4842 3621
4730 2617
3240 2776
4053 2909
4278 2019
3203 2860
4262 437
4966 4943
2380 2260
3146 2180
537 1836
3507 4973
2552 2780
4482 4467
1690 649
1661 2356
1725 4926
2838 2775
3046 4615
1149 113
3877 181
933 2041
1122 2785
4128 501
4893 1320
1622 3044
2801 612
4562 3433
488 4219
3246 1115
2170 4163
3882 111
3639 4936
4049 4013
3281 3084
1494 2589
3691 25
128 4201
2730 91
3348 3404
4870 358
3463 3096
1713 1277
278 4823
3956 2391
4361 1738
4239 1406
3230 733
3831 1371
4835 4864
1677 362
377 199
4544 3493
2601 1671
4127 3589
4433 1914
486 2466
1622 811
2206 4748
1996 4340
4637 3136
1739 2078
3357 427
2019 571
2224 4480
3913 905
4522 622
2932 3361
1336 4421
198 820
4872 4950
338 771
1730 3660
4042 3412
4137 4127
3119 1450
4490 986
4906 3658
4920 3727
2775 1318
2757 1653
3322 1835
3650 726
2654 135
3460 449
1146 897
1129 2605
2046 3489
2657 141
4111 4284
4769 2217
833 1053
4417 1202
2115 4366
3659 220
1977 3508
1100 1401
3880 3790
1872 3345
1989 1266
1377 2853
2519 3282
4934 1145
41 4747
4562 3098
3323 3521
3248 4197
2908 13
3393 1143
284 2839
2824 12
1093 4808
879 4108
4236 2073
3278 1019
3406 2531
1013 4220
1055 2192
2172 1084
4974 4100
1231 1276
478 3351
1864 3838
2026 478
158 3193
2855 3042
1011 2784
1450 2236
1687 1628
2831 3878
126 1793
637 2260
2635 1436
2797 1305
3226 2682
203 3248
1027 2335
4051 3289
4627 1607
4895 3267
3549 2197
3159 4887
2281 1361
1495 454
2079 2541
3942 3789
3402 1364
1703 1721
1635 68
3880 2253
2420 3398
1712 1455
2224 1910
4933 2713
2945 4696
90 2761
420 3600
807 4707
4242 130
2518 2889
2050 4371
4975 3218
4398 2095
3887 4245
3409 4355
1223 865
1468 3815
4996 4524
2653 296
4 3518
3525 507
4592 4939
208 770
3297 729
3286 2518
2561 969
3850 14
3109 958
4676 1096
3595 674
2841 2808
3262 2278
1214 3698
2784 2386
2391 1915
3215 4769
2624 4765
4263 461
4737 4454
4304 3523
3625 1054
1026 2613
433 4161
2622 4250
2258 797
1927 569
4336 2437
2241 1024
1108 330
362 4854
2680 2653
3172 4204
1285 2596
998 897
368 182
3010 3285
2282 2518
2735 2346
920 475
2005 2981
1104 600
2086 1764
2371 1366
1917 2774
1722 4538
4434 178
140 3980
741 151
525 1697
153 1252
4902 1149
176 3441
4602 699
2526 743
2483 4916
2322 1567
4842 1496
4312 4443
3640 4982
852 3979
4331 3357
3663 2316
1794 2625
3540 843
4996 1756
1518 3684
933 4194
1005 1201
2443 3960
3619 3594
3460 1247
772 3611
451 2060
4936 126
3817 4384
4189 2210
884 4290
4529 756
4552 1218
2399 3408
4662 3412
4369 4379
4356 2672
2840 1261
3370 1344
54 1501
2630 488
2909 4908
3883 1759
842 3342
2644 1855
753 3994
3100 3
1604 4925
4143 2716
3651 283
2460 3785
2403 1696
466 3491
1258 4301
2052 3294
148 2292
943 4960
716 1574
4327 3218
3909 2605
4639 1004
1642 4952
3542 4574
3686 1273
177 2564
2864 3578
3290 4405
4745 1441
174 653
1278 4872
4914 592
3149 3801
3292 2733
1800 1066
2407 4259
2665 3376
4885 4210
3117 1287
71 2965
3278 3561
3284 1639
3818 348
3965 3030
4636 4269
4410 4082
1443 3765
2850 600
3009 3443
143 2720
241 4099
4162 4681
1071 3914
986 4922
1196 282
2736 2369
4866 1336
4075 1433
1496 4764
3723 4090
3137 2592
280 3716
2842 872
1009 3642
251 2136
595 2998
4076 4791
3343 187
3345 1780
424 1329
2788 2485
1719 1113
2359 2930
3246 1423
1800 248
2558 2792
2004 860
2428 4813
1006 3765
3897 4121
2179 4369
4218 2389
2336 816
4290 673
1889 1177
1472 4412
4658 167
4485 3386
1047 3065
1215 2603
2686 3839
1394 1767
981 1114
4637 1943
4669 188
470 1974
90 2106
3830 1095
484 3867
1385 1791
2996 1393
345 4439
2133 1535
1686 4554
3793 4812
2193 3017
1721 4555
2592 2021
3167 2094
427 3934
2668 4659
2117 4681
1604 2668
2614 2372
4961 1584
2165 2533
2351 4910
4146 1580
3175 2781
1459 3926
4184 1184
633 192
4413 1956
4836 804
2964 933
4677 644
29 2333
2035 1476
2628 2854
1305 373
1924 2923
1727 1348
940 304
1967 1521
3308 4066
1626 562
3146 3904
3831 1714
3647 4051
4593 1449
4083 1542
2990 469
824 1138
4359 345
2414 4132
3261 2759
285 4480
2947 2649
1428 2661
232 696
616 4218
4685 3233
1335 383
218 4626
1733 1894
4585 2564
2540 4351
934 755
4633 4274
3588 342
4343 4862
2967 2035
1914 1285
2208 4521
4951 4919
1217 3973
3536 1746
4467 4743
3163 1128
4795 3256
2835 2511
4529 1612
4649 4075
419 2073
1486 3406
3115 4914
971 3308
1577 4045
1492 561
4442 4003
1366 4643
1054 4019
484 2601
333 4440
3790 1864
1746 1498
4737 4967
4841 3571
2475 2394
2315 1918
877 1148
4778 2637
271 3264
3872 1993
2923 2838
4167 2721
689 3147
2343 558
4651 241
4304 2845
1884 2045
4965 4312
4792 3270
541 1736
1015 4201
701 1269
1425 3383
976 4484
4320 1342
4107 2298
120 1700
1060 2904
4880 4480
167 34
331 2103
3690 3303
4239 2563
1844 4462
1471 4034
2160 3626
1688 1573
1907 1580
3694 599
1040 782
3101 3752
3569 146
2497 276
482 3572
2153 3767
2209 1737
2338 2653
4473 3002
3670 124
219 4441
1268 4994
4593 3174
3028 1177
79 2791
541 717
3162 4662
4528 457
850 2374
944 3958
4473 1911
420 2890
2353 2503
2815 2406
3366 161
550 21
2036 4812
4328 3102
3666 3550
2473 1295
1730 1973
4536 3480
1905 3555
1534 3578
4837 1647
1154 949
3363 1906
686 4352
2358 3426
775 1879
858 3238
463 3908
2755 2294
2338 3830
2123 628
3720 2199
3125 2664
2197 4120
375 1419
1056 3967
577 1491
2452 642
4014 2001
3040 2065
4553 4653
2525 264
4632 2047
864 519
1547 2762
3492 4523
829 4709
357 676
1998 972
4587 1897
3850 253
4261 3586
3503 3996
4452 187
3229 2993
1291 3232
260 1354
4578 987
4484 4684
2983 113
4282 3702
1769 1606
559 936
4355 2776
4569 4609
548 810
811 4819
4396 1250
3953 253
3803 3145
1722 4734
4401 3415
633 2368
1619 213
2370 882
3040 2903
1546 4490
1765 2033
4505 2035
2057 1853
222 1962
4436 1359
4539 3934
737 3951
867 3515
3534 1539
2516 4127
4056 1884
1982 4775
4316 1664
4654 2939
4239 2791
3836 4726
4161 4610
4019 841
2392 3596
3877 2695
4726 3600
2181 3308
2092 745
1758 4468
4042 3948
4306 1299
76 2890
4814 3579
1314 3445
3661 273
1347 1226
882 670
2970 3942
4312 1863
4451 1957
1712 1251
4358 1365
1131 1560
39 4789
1741 1222
2826 3752
3956 1564
1224 4231
892 2567
2274 2850
784 1512
984 4153
4139 4706
4351 1412
344 357
981 2025
2636 4046
457 3268
97 3353
1336 1601
2574 2190
4610 3663
2343 2128
3716 362
1089 4305
4551 4296
2389 520
2053 3101
2423 3560
3728 2827
3843 2739
990 1808
4250 4313
3822 1998
3552 4405
2196 3825
4411 3452
1945 3823
1678 4993
406 4811
3373 1716
3647 1434
272 4736
3227 820
3553 1746
143 299
3939 4594
4610 2345
738 623
614 795
4608 1936
3482 4097
2812 1079
4855 1021
4825 3651
3471 1539
421 1140
810 497
3167 268
128 1228
382 1419
2128 3224
1248 3450
1275 1037
4080 3160
4074 3850
2383 4277
4743 4009
3762 3143
610 2267
786 1885
3197 4002
4916 4423
355 2091
4897 2459
531 528
650 2382
4622 4804
2180 1289
139 2550
1898 2416
834 2264
2621 614
1502 2396
4693 4470
4650 3679
2551 4715
104 2675
3966 2617
662 305
2121 197
4229 2639
1527 4825
3358 4644
4498 3809
2719 129
351 2670
288 1449
2410 1272
4451 4975
3945 1285
2727 106
770 2758
3181 210
2733 2025
2379 2269
4530 2487
1045 3979
3913 2116
4861 3137
2254 2299
1814 4531
4990 957
4173 2795
4205 4978
3096 4533
3117 24
1662 3745
1527 927
2110 1879
321 2201
494 547
4731 2310
3878 1114
3564 3644
885 4408
4549 4103
4380 3902
751 3899
105 3363
2038 3771
4255 3381
361 123
3398 4057
1917 2686
3944 1333
3588 542
2121 1626
4701 3884
3413 990
320 2966
3919 1896
3643 210
590 2004
1091 2678
1883 1823
4865 1853
4649 2362
3813 1132
225 2809
4613 2228
38 1359
435 3558
399 1446
1285 4056
1053 2020
318 4090
2300 994
299 1486
3526 1624
953 2712
4568 2950
4902 1141
3499 2172
956 2145
339 4637
133 2565
1355 434
3143 1234
2677 420
4754 945
1559 4446
477 4129
3890 3943
199 4124
1866 4573
3160 3034
3390 1712
736 3723
4151 1525
2983 4281
4641 4055
3625 1516
1773 2830
3783 3501
3554 4305
128 2587
1 3529
3493 1326
2710 3994
4756 4019
3943 625
1762 1913
4247 2492
1811 1293
3493 2903
228 4859
636 2176
3822 2958
285 1214
86 1603
3310 4828
4951 2338
127 2705
4815 4461
1120 1919
3779 218
3371 1356
4124 349
1592 2977
1747 3628
1667 2059
3234 2396
4930 3586
760 2391
683 3714
2271 2757
2981 3397
3604 3891
1565 4532
4421 3513
4904 7
593 1193
3106 895
1872 2275
573 4111
2405 107
2897 3452
1681 613
206 1125
4028 1017
3203 4550
3273 969
1797 3528
4732 4908
3840 3010
3291 1585
2808 4907
329 3691
2476 3682
4408 2311
1505 1115
4322 1132
4424 4423
1625 1618
2367 656
2989 1766
415 2477
320 3718
2175 1286
4960 4888
173 922
2541 1636
4818 2055
4429 1978
3423 4047
2101 3645
2947 4032
4665 4604
3859 1194
2184 1366
1134 3651
543 3238
3603 243
3110 4921
2193 1973
2281 2872
3853 2465
3218 3958
4745 875
3283 3182
4423 1808
1923 1956
2217 2509
6 3930
272 247
463 1511
1796 2918
3730 3186
3104 1004
3750 643
1728 3212
3186 2811
920 3157
311 3660
336 1260
4464 4413
289 2659
2411 1275
1433 4816
113 693
4617 228
3586 2317
1967 1268
4688 4272
2731 3748
1570 55
3207 3028
740 843
2953 1753
2476 245
3881 3712
2335 3101
2423 3448
1806 613
3694 4278
2334 2329
1084 4507
3122 2774
747 3188
1234 3401
928 2548
2138 2112
192 3606
2199 1077
1280 4918
2912 3358
2096 4560
3138 3448
904 4265
2827 1538
307 3955
3070 1434
859 78
4776 2330
3984 3156
2991 3806
498 181
4313 3672
1909 1317
1933 4333
1373 2878
987 4165
1729 2262
4641 4472
2900 3053
2442 3351
3720 2402
2512 54
3522 950
4150 3151
1391 1346
1536 4626
1917 1105
3551 1944
2305 2678
3310 3453
4291 1364
527 1140
1035 3554
4751 125
4226 3004
3553 3854
699 992
4287 2075
1342 2723
3613 875
2756 3679
3922 4020
4361 4042
3371 4226
264 1402
681 2535
4919 3458
2668 663
260 3461
3921 319
848 3094
333 4108
639 1215
1992 2207
465 352
3634 3478
1450 3966
2462 4768
1184 2906
1768 3559
2156 1318
4786 4335
2346 693
850 192
2331 2621
1374 4465
2245 1071
3473 4239
1745 1995
1451 1957
4885 4020
150 14
2992 4911
4301 465
28 2025
873 4990
4688 587
2560 3964
2734 23
486 2476
88 2264
802 1346
1430 432
4617 2498
1207 2932
3273 563
2947 2909
4202 1792
541 1473
1957 2998
964 4878
1517 848
4938 3263
3983 2406
4100 2641
861 1101
3871 4215
4281 474
1984 2173
3994 3344
1147 2207
4272 4360
4121 3783
1310 2454
4907 1834
3379 3582
372 3248
1447 3302
4033 3679
4376 2215
2389 4549
3675 3967
1608 915
4817 3321
2427 3788
2858 4972
4693 4667
2739 4235
1514 2369
871 4251
4321 3808
3567 4549
880 4257
2932 1500
1835 2898
4710 2791
3254 3283
2990 4422
816 2801
2628 2328
1778 3533
160 2797
3515 1704
1744 2949
1357 476
4412 4798
4292 118
844 1822
3764 2829
1483 453
4008 3387
4271 1587
4934 2981
2716 1301
2910 880
2853 3220
4710 1272
219 2189
4692 467
3794 4887
4771 474
2532 3533
1831 2097
2459 3606
92 204
3055 3192
1319 198
4749 1016
862 2700
4667 3569
329 596
4532 3682
1607 2362
200 222
1480 4484
2976 1937
1206 459
618 1912
4750 1096
4396 561
3368 4690
195 2011
3897 2905
3333 3279
2950 3714
3802 2103
2078 566
4664 4344
2128 1725
1109 1399
3608 2544
4210 4668
2219 1103
3498 2361
1898 1373
4617 4810
1352 4866
2161 2913
4980 4827
728 3202
4387 269
1501 4557
45 4950
533 2540
2217 243
3416 109
2292 575
3794 1905
222 151
3261 3705
4987 1734
748 687
1984 41
4700 406
4444 4864
4169 728
2664 2751
772 2711
2268 3058
1440 1512
3758 2564
3254 2046
2298 830
1780 4021
1894 1198
3021 3549
3200 2938
973 2405
334 4694
1899 2503
382 2152
415 3566
2020 4060
1184 659
2917 1156
52 2283
3444 4899
4146 2329
512 4627
4022 3445
4767 1945
3825 2711
4477 1550
4077 2166
3767 2692
925 1695
4355 2789
2199 1315
2840 1779
768 679
3262 4082
2242 813
1885 4602
4931 4808
2785 989
2888 2268
4028 557
4724 4793
777 2319
1410 3411
2264 1575
3689 4225
2543 1998
2998 3245
2351 3536
3827 4044
977 3083
4080 4335
3725 1840
1042 349
1681 4123
3534 2494
4763 4002
2270 779
3573 3444
3749 2201
4289 4553
2343 4005
3248 3617
983 4482
1344 4894
2302 287
4417 8
3414 400
2339 2790
423 1612
1405 665
4767 4412
4529 669
3041 4873
3765 1475
4367 3530
1046 3697
620 3669
2322 4527
4220 186
2463 2342
897 3952
344 4146
3881 4269
183 1790
2124 4109
1488 1077
3788 1281
3430 1932
1249 0
4724 2715
3798 2100
1338 3642
3160 3645
2749 3283
4528 2379
163 3378
559 668
2126 1091
1771 4198
263 1662
4862 3010
242 2943
3677 532
452 801
403 1422
4516 386
2554 4713
4663 2698
3757 3288
1023 1300
4494 1698
2463 34
1728 2607
1631 4851
3946 1947
4246 1096
452 3352
4104 4709
4333 2165
2476 156
2782 1912
4682 3380
589 4186
293 4400
1147 4637
1551 1922
4340 929
2028 1015
2480 4664
1581 3092
421 3005
1067 4352
4998 526
3627 4373
2990 2617
609 3455
1284 2158
50 1100
3403 595
2760 241
847 3680
225 3379
3723 1473
1969 1848
1168 1697
3829 1685
1386 2341
4186 4557
2429 1900
758 215
3052 3683
653 616
2034 1664
1772 2719
4929 3440
1074 324
1098 1026
2823 726
1951 924
3161 3504
2981 1509
4313 2195
1791 42
4297 4431
2326 3522
2168 629
842 2516
2796 1437
4553 90
4260 2937
4816 2027
2174 2366
4632 256
1530 3008
339 619
4968 4243
4198 2918
2299 4544
3236 3857
3945 223
3043 2362
1091 4665
4629 4790
4001 4558
2442 2377
2975 4038
1545 3104
1015 32
4228 2512
1596 1155
1179 149
2226 556
2798 598
3019 4996
4933 3647
3875 4276
2765 4926
3182 2502
3313 3329
2748 3551
714 2547
4477 4558
4437 653
1571 3330
834 612
869 1132
2258 3897
4476 379
3752 2643
3927 1852
4484 727
2201 4846
2473 4097
2618 1238
967 1216
3567 4588
153 2014
848 3090
4521 3855
668 1970
3230 4351
3787 1405
2817 2634
