100
42 48
18 23
9 91
27 15
16 61
20 5
43 87
94 93
19 55
29 79
21 60
15 87
70 84
14 70
69 79
95 1
69 38
81 47
11 52
86 54
86 9
40 98
29 75
91 47
74 23
49 88
7 29
92 88
79 46
14 50
83 72
28 6
44 39
49 90
13 2
57 54
71 93
75 63
98 31
60 95
92 69
24 24
54 7
47 5
89 36
33 73
11 43
83 70
2 40
21 23
73 18
37 61
20 1
89 35
94 4
25 90
85 52
5 54
27 3
22 85
43 76
17 90
63 96
9 38
1 82
43 20
57 78
53 85
29 66
55 25
58 30
24 3
96 62
52 8
55 21
66 6
13 73
36 44
42 13
27 1
52 81
91 96
46 97
44 53
77 18
33 54
44 81
97 56
98 60
66 63
81 15
43 25
78 35
52 33
13 84
80 41
83 57
64 13
44 58
14 34